clxxxviii

unite 11 v, 49. vii 52 41172, 54, 55

mntem G v, 52 611, 52 Af 15, 47,

- 54, 75 71, 54 >

Milite· f} 1, 15, 25, 5ο, 42, 51, 52. 11,
25, 21 , 21, 25, 25, 55. 111, 5, 14, 15,
15,22, 111, 29. iv, 14, 57. v, 1,·1, 9,
19, 15, 15, 25, 27, 55, 5ο, 52. vi, 9,
54, 55, 51145. vii, ι7, ιο,25, 22,
24, 55, ,111, 45, 45, 45,47,55,51,
51,(15, 55, 99. viii, 1, 5, 41, 42 c
1, 5, 7,12, 15, 15, 15, 15,25,21,22,
25, 27, 25, 52, 41, 45, 45,54, 54,
57, 55, 55, 72, 74, 75, 77, 55, 55, 57.
11, 2, 11, 12, 15,25, 52, 55, 54, 55,
55, 42, 44. 111, 4, 5, 15, 24, 29, 29,
92, 41, 44, 45, 47, 51, 52, 55, 55,
5ο, 71, 75, 75, 55, 52, 54, 91, 92,
99, 94, 55, 155, 111,112 A 4, 15,
15, 25, 22, 24, 29, 99, 91,99,42,
45, 45, 55, 55, 75 Αε1,ιι,ι2, 19,
2o,24, 29, 51, 52, 55, 55,42,44,
47, 52, 75, 72, 75, 75, 77, 51, 52,
55,55 11 12 1155511

1411111011, 25 Ar4⁷,99 1129

Militia A 55

Militi- G vi, 14, 19

mutiam G vn, 14

Militibus o 1, 5, 15, 42. 11, 25, 27, 55
111, 29. iv, 24, 25, 29, 91. v, 2, 29,
24,99,99. vi, 5, 54. vii, 11, 12,27,
55,47,55,55. ν111,4, 14 c 1, 17,
25, 54, 94, 54,55, 57. 11, 15,55,41.
111, 4, 5, 11, 14, ιο, 25, 25, 57,5ο,

, 45, 45, 52, 75, 74, 55, 54, 99, 92,
94, 57, 155, 157, 115, 111, 112 A 9,
19, 19, 25, 91, 54, 44, 45,52, 55,
55, 51, 5ο, 75, 77 A! 54, 59, 74, 52,
55, 55 57 11 12, 15

mnus ἀ v, 55. 1111, 57 Af 15, 54

1111111551 o 1, 7, 9, 115, 5ο, 41, 45, 51.
11, 11, 25, 1111. 111,5,7,14,17,15.
1ν,25,55, 5-1, 115. v, 2, 5, 11, 15,
21, 27, 29, 511, 11, 55, 45,45,45,
48, 62. 111, T, 11, 32, 94, 39, 40. vii,
4, 5,17, 21,,111, 99, 41, 42, 45,47,
52,99,92, 51, 72,·15, 55. vm, 55
c 1, 5, 15, 1.1,25, 21, 25, 25, 55,44,
52, 52, 51, 51, 71, 74, 75,75,77,
92. 11, 15. 15, 29, 99, 92, 94, 29, 44.
111, 2, 5, 15, 15,1ο,24, 2ο,51,44,
47, 49, 55, 57, 71, 72, 75, 55, 54,

· 55,52,55, 154, 155,115,111 Α15,
21, 22, 55, 45, 45, 44, 45, 57, 55,
55, 74 Af11, 54, 72, 51,· 55 11 11,

Mine (3222. 111,19. vi, 7. vii, 46.

· 7111, 17, 15 c 11, 24, 55. 111, 54· A

1, 55. 111, 51,54, 115 ·A 9¹,94 Af

tunnx ³

99, 73 Af 111,1ο, 34, 38,
55, 75, 55, 55 Η 29, 91
Minia G i, 2, 4, 8, 21, 22,
51,45,4ο,55. 11, 4, 5, 11,15, 15,
29. 17, 1, 3, 23, 37. ν,9, 11, 13,
27,45,47,45, 55., vi, 95. vii, 15,
21, 54, 55, 5ο, 45, 55, 54,55, 55,
71, 74, 75, 75, 55, 99. viii, 4, 15, 17,
21 c 1, 15, 55, 45, 51, 54, 51, 55,
80. 11, 18, 23, 99, 49. 111, 2, 4, 29,
99, 55, 44, 55, 55, 75, 55, 57 55,
155, 115 A 29, 55, 55, 59, 75 Af 1,
9, 5, 19, 12, 24, 55, 57, 55, 55, 57,
55, 75, 75, 77, 75, 75 Η 7, 9, 24,

25, 29, 51, 52, 54, 41

milliarium H 32

niuibu- G 1, 16, 29, 26, 41, 48. 11, 7,
25, 99. 111, 5. 17, 15, 11, 22. v, 9,
19, 24, 92. vi, 7, 25, 55, 55. viam,
55, 75, 77. viii, 9, 29, 25, 29, 99,
34, 35, 36 C 1, 65, 82. 11, 37. 111,
59, 155 Α45,72 Af2, 5, 19, 59,
77, 55,ο7 1-1 55 115555

11111155 Af 99·

Minium G i, 16, 29, 41. ii, 30, 33. 111,
17, 26. iv, 12, 14, 16. v, 2, 5, 13,
14, 42, 4ο. vii, 9, 29, 55 c i, 19,
48, m. ii, 24, 38, 41. 111, 37, 63, 8ss
99 Af29, 29, 75, 75

Milo C iii, 22

Milouem C 111, 21

minabantur C 11, 13

minutius Η 12

Minervae C 111, 106

Minervam G νὶ, 17 C 111, 106

Minima G 1, 8

Minimum C i, 70

Minime G 1, 1 et 2112

minimi A 40

Minimo G vi, 42

Minimum G 1, 20. 111, 19. viii, 62

Minis C 1, 2 Af 91

Minor G v, 13 C 1, 62. 111, 68, 112

Minora G 1, 60. vii, 36, 44, 46 C i,
59. ii, 91. iii, 69, 6⁷ A 17, 18

Minore G v, 60. vii, 73 C 11, 4. iii,
49 A 99, 54 · ·

Minorem G 1, 40, 63. v, 65 C 1317.
iii, 44 A 4, 55, 54, 55

Minores G v, 13 C 111, 100 Α 13

Minori A 30, 33

Minoribm G i, 61. vii, 16, 49,δὶ C
11, 6. 111, 28, 102

Minoris A 67

Minomm A 14

Minna! C ἰ, 72

Minucium G vii, 99

Minucia· C iii, 7

Μίῃιιοὴιυῐ A 48 ’

99, 41, 55,
25, 27, 25,

 

 

