„clxxxii

111, 1,6, 7, 26,21, 26. iv, 1, 4, 7,
26, 22, 23, 24, 27, 26. v, 7, 19, 22.
vi, 17, 25, 85, 48. vii, 1, 9, 25, 28,
46,66, 61, 67, 89, 19,-18, 76,64,
66,66. viii, 8, 18, 12, 13, 26, 34,
36,46, 43,44, 46, 61 c 1, 7,26, 43,
44, 46, 46, 61, 64, 66, 66, 76. 11, 6,
2, 16, 46,41. 111, 3, 24, 36, 41, 42,
44, 46, 62, 66,64, 66, 66, 161, 162,
166 Α 2, 6, 12, 17, 26, 36, 36, 42,
44, 46,· 61, 72 Af5o, 66, 66, 73 H
2,6

Loco G 1,15, 25, 26, 27, 42, 49, 58·
11, 6, 6, 16, 16, 16, 23, 26, 26, 33.
111, 4, 14, 16, 17, 26. iv, 1, 22, 23,
33, 34. v, 6, 7, 6, 6, 16,21,26, 32,
33, 34, 43, 44, 45, 49, 36, 61. vi, 6,
6,13, 16 Ἴ22, 26, 27,26, 36, 37, 46.
vni, 18, 17, 16, 16, 26, 33, 36, 36,

36,44,46, 46, 46, 66, 61, 63, 66,
62, 67, 66,77, 76, 63. viii, 6, 7, 6,
14 16, 16, 17,26, 27, 33, 41, 43
c ἰ, 27, 31, 33, 41, 44, 46, 47, 67,
76, 71, 72, 74, 76, 81, 64, 66, 66.
11, 6, 26, 31, 33, 34, 36, 36, 41. 111,
17, 21, 36, 36, 37, 36, 46, 42, 44,
46, 46,66, 61, 62, 61, 63, 66,66,
67, 74, 76,66, 66, 62, 63, 94, 67,
162 Α 6, 16, 16, 21,27, 26, 36,36,
62,66,66, 73,74, 76 Af 6, 31,32,
36, 36, 36, 46, 41,42,46,61, 66,
67,66, 71, 73, 76, 66 u 16, 12,
14, 23, 24, 26,26, 26, 36, 31, 36

Locorum G iii, 9. vii, 88. viii, 19. 27,
36,41,61,62 ο1,17,31, 41. 111,
8} Α6, 16,27,31,66, 61, 74 317,

1166υέ ’31353 7, 16, 26, 24, 26, 36, 34,
46. 11,2, 6, 16, 11, 16, 17, 23, 26,
27, 36. 111, 1, 16. 11, 19, 23. v, 1,9,
11, 21, 26, 36, 43, 44, 66, 62. vi, 9,
16, 11, 12, 17, 26, 32, 36, 46, 42,
43, 44. vn, 9, 18, 26, 37, 44, 63, 67,
66, 62, 66, 66, 66. viii, 1, 6, 7, 11,
16,17, 16, 26, 27, 46, 42, 64 c 1,
48, 48, 44, 46, 46, 47, 66, 61, 67,
71, 61, 63, 84. 11, 9, 23, 41. 111, 6,
23, 26, 36,44, 46, 46, 66, 66,66,
73, 61, 66, 166, 112 Α 16, 16, 16,
16, 26, 31, 36, 46, 62, 61, 66, 72,
73, 74, 76 Asa 8, 18, 27, 31, 36,
6ο,76,66, 61 h 6, 6, 14,114, 25,
26, 36, 31, 37, 36, 89

Loeupletes C iii, 59

Ιοουριειὶὸω Α 49

Locupletiores Α 2

locupletissima. C iii, 31

Locupletium A 49·

Locupletum C iii, 119

men· G i, 18, 81, 49, 48, 49. iii, 19.

⁸

*mnu

K’sszs'f’visfi’ssl· 11ὲῇῒέῩέ
1811167111 27,36 Ar’51, 58 11311,

Locu’ti G 1, 27. 11, 31 ·

1161111163 C 11, 21

Locutus C iii, 19, 98

Locutus esset H 18

1166111113 est G ἱ, 81. ν, 27 Af&

1161133 G iv, 21 C 111, 99 Af 51

langaeoviiat cmm Af1‚·t

11663331 C 11, l Α 18

Longum Giv,22,2fl. 9,ss cii,25.
iii 89, 42

Luni-⁸ 6111, 9. tv, 26, 26. v, 3 c 1,
36, 88, 66. 11, 16. 111, 7, 46, 62, 111
Α 44 Af 2 H 87

1161136 G i, 2 et 3113

1161131 Α 9

1161131116 Α 58

1166316633 G i, 47. v, 29

Longinqnam C 111, 89

Longinquiores C 1, 52, 09

Longinqnioribn· G· iv, 27. vii, 17 C
1, 29

116113111ᾳυί3 G vii, 77

longinquitatem C i, 29

116113111661 C iii, 84, 89, 55 Α 52, 59

Longinus A 46, 49, 611, 61

Longior G v, 87, 52

1161131616 G 11, 21. iii, 29 C i, 59 Af

Longiorem G 1,49 Α 71

Longiores C 11, 9

Longioris C iii, 192

11611313 C 11, 28. iii, 109 Α 12, 17, 29,
44 Af 2,6 46, 62, 66

11611313311116 G i, l et 3113

Longissima G v, 81

longitndine G vii, 49 Α 29 Α( 18

longitudinem G 1, 2. ιν, 18, 88. vi,
26. ν11,23 66, 76, 76 c 1, 46. 11, 3.
111, 112 A? 17, 66, 76

11611311αά6 G v, 18

Longius, ‘¹47’- C 11, 24. 111, 89

1161131113, adv. Gi, 22 et 3113

1161136, αφ’. G iv, 10. vii, 45 C i, 24,
26, 59, 67. 11, 16. iii, 9, 66, 64, 163

1161136111,1ιιϋ. G vi, 8 C i, 29. ii, 19.
iii 2

moniarii c 111, 46

11611311ῐί13 G iii, 14. iv, 17 C ii, 11

11611311τί63 G vii, 84

11663113, non. propr. vir-i, C 11, 28 At

Loquetur G 1, 20

loquebantur C ἰ, 72. ii, 89

Loqnebntur C 11, 17

Loquendi G i, 46

11611111ῡῆ, 29 Cffl, 15, 19, 19 ἲ

